000000000000000000020000700000000
999900000000000000020000777000000
000900000000000000020000007700000
119900000000000000220000000700000
010000000000000000200000000744444
010000000000000000200000000040000
010000000000000022200000000044000
010000000000000020000000000004440
010000000000000020000000000000046
510000000000222220000000000000040
011000000000200000000000000000440
001000000022200000000000000000400
001111100020000000000000000000440
888000100020000000000000000000040
000000100220000000000000000000040
000000111100000000000000000000040
000000000110000000000000000000040
330000000010000000000000000000040
033000000011110000000000000000440
003300000000010000000000000000400
000330000000011100000000000000400
000033000000000110000000000000440
000003000000000010000000000000040
000003330000111110000000000000040
000000030001100000000000000000040
000000030001000000000000000000440
000000033311000000000000000000400
000000000110000000000000000004400
000000000100000000000000000004000
000000000110000000000000000004000
000000000010000000000000000044000
000000011110000000000000004440000
000000110000000000000000004000000
000000100000000000000000044000000
000000110000000000000000040000000
000000011100000000000000044400000
000000000100000000000000000400000
000000000100000000000000000400000
101010101010101010101010101010101010101010101010101010101010101010
