000000000000000000000000000200000000000
000000000000000000000000000200000000000
000000000000000000000000000200000000000
000000000000000000000000022200000000333
000000000000000000000000020000000000300
000000000000000000000000011111111111111
000000000000000000000000010000000000000
000000000000000000000000010000000000000
000000000000000000000000110000000000000
000000000000000000000011100000000000000
000000000000000000000010000000000000000
000000000000000000000011000000000000000
000000000000000000000001100000000000000
000000000000000000000000111100000000000
000000000000000000000000000100000000000
000000000000000000000000000100000000000
000000000000000000000000000100000000000
000000000000000000000000011100000000000
000000000000000000000000110000000000000
000000000000000000011111100000000000000
000000000000000000010000000000000000000
000000000000000000011000000000000000000
000000000000000000001100000000000000000
000000000000000000000111111000000000000
000000000000000000000000001100000000000
000000000000000000000000000100000000000
000000000000000000000000011100000000000
000000000000000000000000010000000000000
000000000000000000000000011000000000000
000000000000000000000000001000000000000
000000000000000000000000001100000000000
000000000000000000000000000100000000000
000000000000000000000000011100000000000
000000000000000000000000010000000000000
***************************************